0.32012147
0.18268687
0.07507846
0.0035311282
0.29360437
0.16019842
-0.21451801
0.05382231
0.09784466
0.26144293
-0.554109
-0.75755644
-0.28651625
0.11751965
-0.25328106
0.14995936
0.18288743
0.31129903
0.2839965
0.50525564
0.48859152
0.5207094
0.6620351
0.6859635
0.75433123
0.66594285
0.7594294
0.35820448
0.39562967
0.2997919
0.12055981
0.56004906
0.36067167
0.4211192
0.41658884
0.19376475
0.4013431
0.32133543
0.35174757
0.378402
0.5481382
0.7294287
0.6642196
0.29022825
0.32471836
0.0798192
0.2902785
0.4626402
0.43550992
0.42052075
0.24025267
0.26099795
-0.22450793
0.3273962
0.05152279
0.23126665
0.29880482
-0.18112725
0.64318657
0.6322715
0.5634856
0.086550176
-0.053119063
-0.10825682
0.17466202
-0.14836323
-0.08908963
-0.2668507
-0.58875144
-0.32939303
-0.16209382
-0.292284
-0.0159446
-0.10320157
0.3923238
-0.24547744
0.23918134
0.28568253
0.51149917
0.48798966
0.5186195
0.57910824
0.63065946
0.44180906
0.6823781
0.8837439
1.0846059
1.0372694
1.0355341
1.1048199
1.0856621
0.92473197
0.8348317
0.88968456
0.24149275
0.23778221
0.34038046
0.5653735
0.60226935
0.57596207
0.6878587
0.6918496
0.7880915
0.5111408
0.7171132
0.9523845
1.1412054
1.1541133
1.1702023
0.88965666
0.95390666
0.9230865
1.1835518
-0.1113897
-0.35987115
-0.23477274
-0.3496114
-0.40253258
-0.11209798
0.05839324
0.12469718
-0.11081499
-0.26403177
0.21390134
0.03452468
0.14618844
0.30564266
0.46497273
0.6272484
0.46370107
0.9675176
1.1750047
1.2786245
1.1113491
1.2089894
1.3565286
0.91790247
0.9043726
1.2324489
0.92158407
1.0071073
-0.90483654
-1.0242306
0.07945037
0.7746029
-0.9771836
0.4510768
0.35210344
0.57214206
-2.0970855
-2.8930025
-1.5772536
-1.1617934
-1.9955785
-1.6906583
-2.74829
-2.2297897
-2.11448
-1.8042417
-2.1240826
-3.1342053
-1.916528
-0.7466874
-0.18416357
-0.012901127
0.28196725
0.63860905
0.5237707
0.7781948
0.79432964
0.9958546
0.9635736
0.4973548
0.93812186
1.0224358
1.0154934
1.0796158
1.2513411
0.5746405
0.9934473
0.594429
0.89278746
1.0191743
-0.13876492
0.6706728
0.76373684
0.815773
0.039916903
0.42754316
0.35265824
0.4133766
0.72295237
0.6849318
0.40856123
0.54291636
0.25361258
0.055655777
0.39253497
-0.6876025
0.055454224
-0.34463125
0.01750952
0.1149883
-0.49666685
-0.44313025
-0.1826942
-0.35979247
-0.21525604
-0.2424916
-0.7083595
-2.380251
-1.0360303
-0.281959
0.06726998
-0.1184414
0.24148178
0.29173398
0.33563283
0.48509046
0.41838008
0.5810101
0.74699724
-0.15643793
-2.0119023
-0.75739014
0.25944248
0.13561407
0.80209506
0.56121737
0.14526403
-0.09535396
-1.19193
-1.9049618
-1.3546388
-0.95314777
-0.6651648
-0.8516029
0.008446157
0.035157144
0.11081427
0.19196606
0.4709699
-0.44179428
-1.8462124
-1.4631679
-1.2062522
-0.8185278
-0.5452609
-0.8000319
-0.08895862
0.17153558
0.67322034
0.22296146
0.2533579
-0.7343235
-0.20092112
0.29768893
0.55868745
-0.33230716
0.11171824
0.17200586
0.26654387
0.59140295
0.4319672
-0.09412378
0.79728645
0.9154903
0.48654246
0.5569197
-0.22508663
0.3395394
-0.35527754
-0.013674259
-0.05973679
-0.26375848
-0.5589498
0.0074415207
-0.5419831
-0.93542874
-1.084488
-0.50479245
-1.0962957
-0.7691114
-0.9914075
-0.66341114
-1.0651838
-0.39958268
-0.08655423
0.23913005
-1.0713642
-0.35771942
-0.5181713
-0.02086109
0.4787356
0.23203874
0.29902226
0.22904408
0.64858204
0.69218713
0.74583954
0.34616065
0.6063658
0.082458556
-0.7893231
-1.3874849
-2.1732552
-1.0460255
-2.4115558
-0.39775836
-2.6196327
-1.3908408
-0.4152755
-0.5442903
-0.1701523
0.40529096
0.17986357
0.296053
0.60899556
0.37149674
0.138535
0.10145268
0.22322965
0.49791253
0.58392906
0.9603797
0.13094378
-2.2825933
-0.7041774
0.15452713
-2.3013074
-0.39863503
-0.034867704
0.092255384
0.22959661
-0.22496855
-0.37140185
0.08425668
0.36011398
0.5167766
0.3424213
0.36073506
0.07930818
0.7438543
0.8184222
0.46689758
0.68566674
0.76493967
0.49019715
0.4996775
0.43166837
0.29341564
0.017580152
0.16713345
0.33342767
-0.5997784
-0.44470322
-0.040483177
-0.5090388
-0.16732585
0.79393804
0.91611063
-0.536381
0.0833956
0.4636137
0.1928966
0.7417354
0.7262712
0.43441033
0.055644125
0.66613495
1.4512779
0.24617046
0.5262447
0.721762
0.8468919
0.80815077
0.6771297
1.0486459
0.8147569
0.052492052
-0.18233258
0.2725453
0.51132834
0.69985175
0.6347378
0.23778173
0.6732874
0.95935404
0.774745
0.79099905
0.8044479
0.39049837
0.45262566
0.43427476
0.71374846
-0.34121186
0.18269041
0.6673591
0.7663322
0.52137995
0.1536474
-0.53237474
-0.14805287
0.20409194
0.5717784
-0.12526655
-0.06556225
-0.07890111
-0.37944221
-1.6486983
-1.2944144
-0.5302541
-0.09775907
0.1871781
-0.020682156
-0.6944207
-0.28698885
-0.111221015
-0.2593264
-1.7459114
-0.39115053
0.16373429
0.07834032
-1.1781249
-1.299419
-1.463098
-1.1755258
-0.85111713
-1.1299593
-1.4920883
-2.0610507
-2.2948294
-1.8007026
-0.81593215
-0.48428583
-0.15559703
-0.37274617
-0.57148886
-0.93299925
-0.672861
-0.06521565
-0.8053217
-0.52011
-0.34296554
0.11304024
0.37782824
0.09270379
-0.69424105
-0.11997032
0.3966844
0.7001368
0.8776076
0.81584764
0.6290563
0.67633474
0.68714714
0.34575066
0.7399628
0.41765958
0.20114309
-0.88128126
-1.7322171
-1.192462
-1.3884705
-1.693574
-0.8380469
-0.030616462
-0.9169575
-0.40347135
-0.6293633
-0.57442176
-2.4062405
-1.4014745
-0.49636495
0.014808625
-0.31552094
-1.5417011
-1.4061462
-1.1927062
-1.5610754
-1.7109516
-1.0605954
-2.3850448
-2.4362328
-1.1964567
-0.04359269
0.3265223
-0.13726705
-0.2202906
0.19980884
-0.45285958
-0.2068426
0.3720023
0.42110515
0.3090574
0.6928673
0.37326705
0.60259414
0.56715715
0.53112006
0.5123391
-0.1104396
-2.1946712
-0.7322297
-0.6257802
-0.14592218
-0.16938871
-1.3260566
-0.86452377
0.20347229
-0.23380494
0.48767346
0.7514424
-0.34328014
0.6170354
0.63190234
0.96659404
1.2045958
1.0262903
1.1340971
0.88374054
0.9724771
0.62308073
-0.37094712
-1.4633949
-0.75758994
0.034786344
0.5798282
-1.5656714
-0.73790276
-0.52185965
-0.036322176
0.2505684
0.23576996
-1.8698993
-2.0571928
-0.5951431
-1.758996
-1.253648
-1.9990034
-2.6743648
-0.923923
-0.7225151
-1.1871905
-0.37620908
0.32579947
0.43033713
-0.15510428
0.21471626
0.42139015
-1.2380979
-0.73115957
0.0031961203
-0.18145502
-0.35199004
-1.9560544
-2.5052505
-1.7676299
-1.357457
-0.8038863
-0.27957195
-0.18291676
-1.7852097
-1.3146753
-0.26319772
-0.06502175
0.1799624
0.43103778
-0.3455
-0.7496269
-0.79082286
-0.010648847
0.54712784
0.38074067
0.4455893
-0.2466976
0.15905297
-0.0631727
0.123680264
-0.1861304
-0.3000626
-1.0182729
-1.8601608
-2.7719254
-2.5553448
-1.184533
-0.92364466
-1.5581498
-1.8492692
-1.1871537
-2.0723538
-2.09993
-1.9816885
-2.2144341
-1.39435
-0.2499119
-0.9395349
-0.398614
-0.32281995
-0.80829096
0.26075488
-0.09317285
0.559599
0.9735566
0.91073596
0.44638443
-0.06183505
-1.0289502
-0.29992265
-0.10733837
0.3230253
0.18548402
-0.10178846
-0.8027817
-2.1428561
-0.74417377
-1.338757
-1.2233005
-0.89820087
-1.4484382
-2.1317048
-2.8508053
-1.1470734
-1.1407979
-1.028529
-2.17212
-1.3734503
-2.344918
-1.8377631
-2.1857016
-1.2795963
-1.1982316
-1.9612947
-1.5121679
-1.7659407
-0.8206612
0.027479708
0.3951286
0.47245264
0.30248263
0.348633
0.37694278
0.1918138
0.36612356
-0.72640836
-2.5159826
-1.3792441
-0.6661712
-1.2045158
-0.7901062
-0.68606806
-0.2947706
-0.721519
-1.232417
-1.3585765
-1.7497184
-2.674073
-2.3235145
-1.7833335
-1.1535311
-0.59749687
-0.017095327
-0.13959044
0.068437666
0.35899103
-0.454145
0.15656015
-0.04440677
0.5556855
0.23763883
0.63450855
0.070699155
0.52538407
0.6326138
-0.052412152
0.34364462
0.4651618
0.50008595
-0.36232483
-0.00019204617
0.35112154
0.4238991
0.39533466
0.46637377
0.16314197
-0.16685057
-0.2497021
-0.42496687
-0.1861248
-0.12359184
0.5390192
0.54571867
-0.16331738
-0.4671136
-1.8399374
0.089764446
-0.3218543
0.17718759
0.15497065
0.17930418
-0.67085576
-0.843634
-0.8401768
-0.065574646
-0.37739223
0.027053505
0.34434587
0.39961743
0.45737368
0.29072326
0.35461316
0.24366751
0.30487323
-0.041044593
0.24359864
0.27696395
0.3910039
0.30782506
-0.1950714
0.39775574
0.58302367
0.33798748
0.34165972
0.113227785
0.51276964
-0.046120048
0.03273514
0.42220232
0.20227146
-0.90324485
-0.34599143
-0.3434124
-0.18835723
0.038107514
-0.03523332
-0.00084769726
0.110272616
-0.16830087
-0.36659944
-0.509861
-0.28738415
-1.1334295
0.048022985
0.55210376
0.51348144
-0.053210974
-0.44550127
-1.12464
-0.5951216
-0.16406256
0.12510425
0.038368404
0.3187338
-0.2721308
-2.291383
-1.6887443
-0.69082844
0.17986447
0.11555803
0.6145416
0.169451
-0.02675885
-0.14302808
0.03950897
0.20516616
0.3514086
-0.52353525
-0.9653821
-0.38116056
-0.49411547
0.09496224
0.14708552
-0.16133076
-0.116493106
-0.119790554
-2.260467
-2.0151916
-1.7377963
-0.100138605
0.01055789
-0.05524999
0.40782145
0.4497642
0.5300961
0.24692383
-0.4528947
-0.43447942
-0.11012256
-0.67132485
-2.055976
-1.2486068
-1.2500064
-0.88753617
-1.1023854
-2.0412748
-1.4855072
-2.249275
-2.283351
-1.1769974
-0.26595193
-0.07059568
0.23406965
0.3676461
0.35520834
0.23259982
-0.6305436
-0.50225186
-0.18225956
0.073189765
-0.047909617
-1.6708612
-1.0856134
-0.03752482
0.23326635
0.61069393
0.5580292
0.44112277
0.53795695
0.87806404
0.9488548
0.88520825
0.6081245
0.7998948
0.8512564
0.9924296
0.27362716
0.3740689
0.593489
0.6222825
0.5646702
0.54356915
0.3901338
0.5929068
0.6035155
0.25047702
0.67263466
0.060159475
0.38706943
0.3936956
0.2028785
0.44644973
0.68811464
0.67838836
0.24960643
-0.33010626
0.058377296
-0.5425401
-2.170019
-2.3859918
-0.9617797
-1.2442037
-2.3055325
-2.7254012
-1.1559899
-0.139875
-0.19850343
0.20629942
0.30561697
0.23845705
0.33332765
-0.61466527
-0.9044856
-0.20186812
-0.24062425
-0.25772917
-0.1488142
-0.5140686
0.008706301
0.067803204
-0.61649597
-1.390626
-0.80054986
0.472202
0.23835236
0.40802383
0.68929327
0.8756457
0.34406096
-1.2992282
-0.34188735
-0.020792246
-1.1989368
-0.3448577
0.23960629
-0.022971332
0.40531957
0.2666306
0.14247194
0.43366435
0.40513694
0.33758566
0.22074032
0.51993567
0.14989677
0.2577722
-0.095007956
0.2728273
0.21766359
-1.2705507
-2.4394796
-2.5465546
-0.95264494
-1.4184109
-0.019607186
-0.30782676
0.24195549
0.24314144
0.25483084
-0.006326139
0.06325024
0.003613323
0.24207652
-0.7150928
-0.3172753
-0.30717605
-1.3424131
-2.2133453
-0.9899154
-0.39382058
-0.7231257
-0.51226044
-2.0907273
-2.104238
-1.52053
-0.56763244
-0.3758266
0.10006699
-0.30312085
-0.25453532
-0.19110376
0.18499157
0.14087269
0.24838018
-1.3159274
-0.33270794
0.33261982
0.18357709
0.4621559
-0.040741384
-0.30299962
-0.44053912
-0.93217695
-0.61648166
-0.16273499
-0.18113911
-0.5543492
-0.010079205
-0.08077687
0.42824906
0.7459924
0.7196356
0.7322444
0.48960066
0.74175143
0.6757685
0.43858024
0.33035427
0.38287058
-0.39299452
0.3488853
0.21555355
0.2735665
0.36095154
0.48328754
-1.0426824
-1.6807313
-0.040783465
-1.254018
-1.2198876
-0.5315894
-0.8018944
-0.76701903
-0.18691504
-0.031475186
-0.083054006
-0.46728808
-0.5916648
-0.58297396
-1.7496068
-2.45306
-1.471528
-0.2728957
0.45219952
0.06762448
0.25857943
0.2803432
0.57766086
0.4046715
-0.22662485
-0.98667014
-0.279153
0.40680376
0.30754253
0.026186079
-0.48769826
-0.31447035
-0.36735898
0.2700405
0.34638098
0.24522209
0.44037625
0.331074
0.2157371
-0.09277362
-0.4236982
-0.2993226
-0.42223865
0.027968317
0.31650645
0.6319268
0.059664488
0.5176702
0.6662916
0.9905206
0.8618971
0.96542203
1.1121696
-0.26419872
0.53581244
0.37307733
0.63285756
0.21392068
0.22159985
0.45606208
0.0829159
-0.30650836
-0.34537184
0.020200372
-2.0351455
-1.512378
-0.38713157
-0.4304042
0.22668123
0.30767524
0.48932862
-0.74769735
-1.9501657
-0.806494
-1.5251658
-1.564085
-0.55471253
0.3031317
0.48390788
0.29078037
0.20987394
-0.49442923
-0.0018414259
0.104070455
0.10123214
0.17354897
0.58006495
0.6495693
0.4583772
-0.2562561
0.18616709
-0.89692295
-0.038940907
0.27673873
-0.11884153
-0.3954872
0.29375198
0.27213618
-0.036706865
-0.4661982
-0.84134996
0.40417808
0.8161695
-0.19341606
-0.5405344
0.17416781
0.67893213
0.6827846
0.562449
-0.48881137
-0.32620472
-0.153768
-0.35018128
-1.1160759
-0.4231435
-0.34589952
0.19973981
0.08499214
-0.20383376
-1.0415101
-0.12685913
0.5916883
0.58398485
0.58906114
0.8201257
1.1887308
0.017795801
0.3429234
-0.3236633
0.16523203
-0.4349398
0.75255805
0.5841695
-0.53121436
0.33138555
0.20697743
-0.03171581
0.22059524
-0.21791238
0.78100896
1.0132133
0.0658761
-0.50644636
-0.84216416
-0.8876041
-0.29304212
-0.39361334
0.04022318
0.24071658
0.41899875
0.16742444
0.075252205
-0.35820645
0.37809482
0.08362472
-0.30501914
0.2866366
-0.11327809
0.51484174
-0.014608264
0.4589162
-0.223346
-0.41863692
0.093800545
-0.042190254
0.03702876
-0.21819133
-0.25837493
-0.043964446
0.2290265
0.31766924
0.5376432
0.6943892
0.46491107
0.70032644
0.6259336
1.0391617
0.57982606
0.7849575
-0.5762764
0.02152872
-0.6888374
-0.20625252
0.23497611
0.6144344
-0.12341684
-0.46084154
-1.3865644
-0.48860478
0.010825068
-0.11136186
0.10847697
0.28958064
-0.15218598
-0.29406154
-0.10440642
0.17405164
-0.21011776
0.3953619
0.411578
1.0870659
1.0635374
1.0842292
0.894668
-0.017093658
-0.3779053
-0.4425907
-0.16719103
-0.2049647
0.3057384
0.5086166
0.89503694
0.9456922
1.0615871
1.1576922
0.6230862
0.8742237
0.8943205
0.76571345
0.47998327
0.44133684
0.33260614
0.39222112
0.65087265
-0.4186108
-0.21029413
0.096084595
-0.57745874
-0.4211042
-0.62462974
-0.30243796
-0.58312404
-0.16054332
-0.054470718
0.2684185
0.1695447
-0.24012929
-0.09929234
0.14173698
-0.397412
-1.0336145
-1.553832
-0.861393
-0.52514195
-0.2529626
-0.3284912
-0.4144088
-0.3279056
-0.54543793
-0.37244844
-0.001273334
0.025935352
0.39123973
-0.068089485
0.068560064
-0.1981265
-0.24765253
-0.24103606
-0.40082788
0.327924
0.46080524
0.36190766
0.40387568
0.4919817
0.13565168
0.3915399
0.3377612
0.6349893
0.8543401
0.27738196
0.4647199
0.5874663
0.28718615
-0.3744316
-0.44230223
-0.09944785
-0.33437675
-0.16092223
-0.038165867
-1.1226994
-1.0253295
-1.6143947
-1.6535344
-1.6480169
-2.3657396
-1.7103992
-0.6207087
-0.07575822
0.18479636
0.23091003
0.18457961
0.15502876
0.512023
0.6289132
0.39537746
0.26465905
0.1943048
-0.05510342
0.24596104
-0.22593349
-0.15694004
0.40463072
0.24266729
0.10770893
-0.53357303
-0.38647217
-0.11710262
0.3968467
0.3881474
0.48092028
0.5859975
0.48900485
0.38000438
0.65779144
0.5303011
0.2582328
-0.27500576
-0.1500789
-0.6061448
-0.061481833
-0.4434814
-0.25294733
-0.76582956
-0.32163382
-0.3815207
-0.75147724
-0.5516763
-1.3164998
-1.8913968
-1.5680282
-1.8461614
-1.6525028
-1.5716314
-2.4134188
-2.4481378
-2.8313198
-2.6468914
-2.0596228
-1.0223771
-0.41266137
-1.3927307
-0.53163195
-1.6623647
-1.7625134
-0.9929317
-2.4188948
-1.6130409
-1.2250094
-0.6750612
-0.9392177
-1.2199124
-1.1749531
-1.7120688
-1.7442627
-1.1502656
-0.81310153
-1.1999383
-0.56259
-0.38680506
-0.5102967
-0.3812716
-0.031730413
0.2761974
0.42819595
0.06693888
0.09624192
-0.07860154
-0.1337241
0.012969345
-0.03673464
-1.4304966
-1.9533648
-0.92296576
-0.5157503
-0.50845265
-0.4413705
0.026816845
0.16319835
0.048888266
0.30495435
0.26034915
-0.6795707
-1.2311469
-0.3428002
-0.32525396
-0.9270958
-0.9648638
-1.2532126
-1.6906357
-2.1100998
-1.2567227
-1.1128145
-1.1047399
-0.94180167
-0.75740504
-0.5303415
-0.15075666
-0.6369326
-0.89066017
-1.2503716
-0.76760864
-0.870561
-0.25476098
-0.4090172
-0.90474284
-0.02745676
-1.1436461
-0.47245187
-0.11865115
-1.0073098
-0.9623146
-0.6973783
-0.30061418
-0.721341
-1.5585439
-0.96624196
-0.74525106
-0.7911259
-1.1377045
-0.6326146
-1.7444422
-2.0217466
-2.4479606
-0.8561183
-0.38263798
0.08803305
0.5753718
0.010616124
-1.17982
-2.1216922
-2.6930792
-3.1037161
-1.9061215
-1.7106531
-1.5116572
-1.4293917
-0.88416815
-1.6545744
-1.1851665
-1.7843292
-1.5722272
-0.3065042
-0.084136724
-0.3164581
-0.6309376
-0.26843518
-1.0390317
-0.62639844
-0.3976254
-0.8101512
-1.2469741
-1.4641055
-2.4154928
-2.3760293
-2.1882615
-2.2021995
-1.7902508
-0.9562093
-0.94173896
-0.5618892
-0.9910692
-0.8101797
-0.2068851
-0.12942272
-1.2850331
-1.6292517
-1.8752985
-2.2392042
-1.391518
-1.7968762
-2.120483
-1.8330126
-2.122724
-2.2827141
-2.0977426
-2.0031352
-1.58519
-2.0426576
-2.191368
-1.9027207
-1.5037842
-1.1354249
-0.6703329
-1.1777633
-1.7155669
-0.5073962
-0.3782301
-0.300466
-0.3394441
-0.17684543
-0.04692614
0.218833
-0.017542839
0.12394461
0.3877661
0.29392892
0.7369488
0.7211986
0.7248413
0.3418479
0.44658285
-0.43955183
-0.23487645
-0.3496046
0.027124107
-0.2096824
0.14916229
0.10874516
0.3376521
0.29133603
-0.022418976
-0.22411573
-1.0248778
-0.19319057
0.2508831
-0.040596306
0.19647336
-0.10552794
0.26030374
0.4165101
0.29801357
0.31626338
0.42388368
0.3687855
0.41781554
0.3168552
0.3650764
0.28625324
0.23086461
-0.8445202
-1.3276118
-1.4329243
-0.36633015
-0.9060844
-0.35077143
-0.07194275
0.18133947
0.24117866
0.34733865
0.0872401
0.80912566
0.5710548
0.2967863
0.8804584
0.43774945
0.48394266
0.29210454
0.7993561
0.67685777
0.33245006
0.34370854
-0.6148081
0.049111903
0.24832866
0.3684786
0.34526587
0.37677142
0.22477993
0.1382752
0.00063988566
0.098284066
0.11525044
0.4560457
0.7304466
-0.19384849
0.28619984
-0.9923779
-0.16123086
0.22694704
0.34978113
0.28738022
0.72631466
0.4921537
-0.11460978
0.2468924
0.79884374
0.79085195
0.42801043
-0.4115067
-0.86532426
-1.6278486
-2.030042
-0.6778227
-0.03946376
0.23160282
-1.2740483
-2.356892
-1.7248514
-0.8666637
-0.9760072
-0.81509364
-0.48338544
-0.9569173
-0.3963558
0.095733404
-0.32841885
0.34035352
0.14611858
0.010009855
0.2137337
0.032958627
0.09477404
0.25519812
0.5009042
0.4719542
0.50246423
0.6687449
0.5936335
-0.23287338
-0.14160168
-0.2756964
-1.2393984
-1.9921722
-2.8354878
-3.0625224
-1.155397
-0.036773384
0.24577415
0.40477365
0.5019616
0.42918923
0.33252048
0.4869545
0.5301867
0.52109194
0.41610697
-0.20992672
-0.31771886
-1.0024445
-1.5238376
-1.7691286
-1.815721
-1.0855091
-1.2070848
-1.107629
-1.9100869
-1.3467723
-0.2445507
0.09940323
0.41356823
0.13780954
0.13799664
-0.26322895
-0.03311813
-0.16368586
-0.015075386
0.52899057
0.58527637
0.47271892
0.21550769
-0.51603544
0.46171513
0.57922935
0.7624557
1.0684321
0.9499897
1.0516963
1.080296
1.0381677
1.2349672
1.2540406
1.3516545
1.2715216
1.4649901
1.3837864
1.3235838
1.4559342
1.5082772
1.3498063
1.2437179
1.3950851
1.4873327
1.2189939
1.6991847
1.5418806
1.5265232
1.1109252
1.1932917
1.4424634
1.4544835
1.4489859
1.1790793
1.4392655
0.9986089
0.82938206
-0.40515435
-1.7161498
-2.0763137
-1.5914781
-2.1368458
0.21355835
0.55541444
0.5302741
0.314071
0.57519805
0.66524756
0.61464334
0.5022607
0.5093781
0.36022738
0.099196434
0.08575651
0.22221386
-0.2124874
-0.44285476
-0.014592409
0.6285215
0.54796964
0.36702198
0.5094991
0.50548327
0.71998405
0.7426479
1.0361102
1.2961029
0.6584309
0.903315
1.2020698
1.2118297
1.1782249
0.76057947
0.7918254
0.97536933
0.8639472
0.8951076
1.0850999
1.0471853
1.1053507
1.0023947
1.1000166
0.21444955
0.80704623
0.9808569
-1.5556102
-0.99208724
-0.95171297
-0.085716486
-0.7165133
0.37200117
0.10786533
0.32685614
0.6661421
0.7070453
0.8962467
1.1444397
1.2599645
0.9365684
0.6359746
0.51508486
-0.9566339
-1.4434793
-1.8029256
-1.7536306
0.28420183
-2.1555088
-1.5682256
-0.72056997
-0.5817529
-1.8918283
-2.73783
-1.9815936
-1.211807
-0.77437985
0.1347897
0.23667917
-0.3118099
-0.6195762
-0.60527194
-0.02614522
0.29443693
0.611234
0.5428149
0.7215446
0.8524922
0.74492735
0.785843
0.1509935
0.3230378
-0.31475848
0.3333424
0.3820206
0.16352764
0.43588144
0.55703866
0.62855226
0.23540449
1.0369272
0.6517173
0.5613002
0.1580083
0.23985589
0.0764693
0.29433993
0.2678002
-1.2858703
-0.92269397
-2.2340653
-2.246521
-1.2753185
-0.8070456
-0.738021
-2.1923711
-0.67687094
-1.1797078
-1.9496734
-0.35681224
-0.23698002
-0.49103957
-0.5388566
-0.9185355
-0.75202537
-0.20871371
-0.8996428
-1.1946961
-1.6249735
-1.3269207
-1.6733251
-0.5152935
-2.1819088
-0.72243905
-1.8078992
-1.1501467
0.18513405
1.0648928
1.0133413
0.8957304
1.0546137
0.534924
-0.32927573
-1.0532852
-0.33661187
0.5719768
0.4684113
0.8573458
-1.4011941
-0.03545201
0.32647705
0.7289597
0.80455816
0.8640351
0.8888563
1.0737802
0.81419575
0.9509486
0.7510952
0.7518002
0.7989968
0.6445025
-0.4329853
-0.07584572
0.3574794
0.6980136
0.1355986
-0.7305162
-2.7428877
-0.5699271
-0.056340873
-0.77705157
0.48421878
0.8599519
0.2568863
-0.31982017
0.01605165
0.12198529
-0.71876585
0.099458724
0.4594674
0.85664976
0.48537838
0.31841
0.4202364
0.62566894
0.29138616
-0.8708874
-0.5053338
-1.2894822
-2.1869755
-2.3826272
-0.8209716
-2.430286
-0.39403534
0.48468256
0.49036115
0.501047
0.340689
0.3803567
-0.122902095
0.42730787
0.5516774
0.47192788
-0.56554675
-0.19358766
0.12830311
-0.1011166
-2.3482847
-0.35538763
-1.0878202
-0.15033329
0.27581954
0.95713913
0.8542502
0.58380866
-1.1120334
-0.5326904
0.49587715
-0.10754192
-1.2512915
-0.041620255
-0.6716876
-1.041307
0.24759999
-0.15549386
-1.4483043
-1.4452217
-2.3770802
-1.7366664
-0.701118
-0.7159554
-0.4175585
-0.34137762
-0.40310186
-0.24104732
-0.16914749
0.08083168
-0.418544
0.34528816
0.10270676
0.45817995
0.49318874
0.17391771
-0.5914097
0.051831096
-0.45179152
-1.256126
-0.099034905
-0.3853985
-0.5726024
-0.19406521
-0.8117198
-0.277664
-0.01447314
0.57850254
0.61813253
0.47331893
0.67070866
0.7331664
-0.16362548
-0.032855093
0.15083358
-0.4409309
-0.012347341
0.27609372
0.27683282
0.14184436
-0.47792077
-0.42901975
-1.1864922
-2.600454
-2.084258
-2.6160028
-2.3688767
